{
  "accessors": [
    {
      "bufferView": 2,
      "componentType": 5126,
      "count": 42531,
      "max": [
        38.24284744262695,
        15.555305480957031,
        -21.413177490234375
      ],
      "min": [
        -13.19559097290039,
        -68.759765625,
        -39.26626968383789
      ],
      "type": "VEC3"
    },
    {
      "bufferView": 2,
      "byteOffset": 510372,
      "componentType": 5126,
      "count": 42531,
      "max": [
        0.9999911189079285,
        1.0,
        1.0
      ],
      "min": [
        -0.9999908804893494,
        -1.0,
        -1.0
      ],
      "type": "VEC3"
    },
    {
      "bufferView": 1,
      "componentType": 5126,
      "count": 42531,
      "max": [
        0.99853515625,
        0.9984970092773438
      ],
      "min": [
        0.00146484375,
        0.00150299072265625
      ],
      "type": "VEC2"
    },
    {
      "bufferView": 1,
      "byteOffset": 340248,
      "componentType": 5126,
      "count": 42531,
      "max": [
        0.99853515625,
        0.9984970092773438
      ],
      "min": [
        0.00146484375,
        0.00150299072265625
      ],
      "type": "VEC2"
    },
    {
      "bufferView": 0,
      "componentType": 5125,
      "count": 194262,
      "type": "SCALAR"
    }
  ],
  "asset": {
    "extras": {
      "author": "Houston Community College (https://sketchfab.com/ruben.duran)",
      "license": "CC-BY-4.0 (http://creativecommons.org/licenses/by/4.0/)",
      "source": "https://sketchfab.com/3d-models/heinen-theatre-02d19f6d8d3a444c86b23e9417974eae",
      "title": "Heinen Theatre"
    },
    "generator": "Sketchfab-12.66.0",
    "version": "2.0"
  },
  "bufferViews": [
    {
      "buffer": 0,
      "byteLength": 777048,
      "name": "floatBufferViews",
      "target": 34963
    },
    {
      "buffer": 0,
      "byteLength": 680496,
      "byteOffset": 777048,
      "byteStride": 8,
      "name": "floatBufferViews",
      "target": 34962
    },
    {
      "buffer": 0,
      "byteLength": 1020744,
      "byteOffset": 1457544,
      "byteStride": 12,
      "name": "floatBufferViews",
      "target": 34962
    }
  ],
  "buffers": [
    {
      "byteLength": 2478288,
      "uri": "scene.bin"
    }
  ],
  "images": [
    {
      "uri": "textures/Material_0_baseColor.jpeg"
    }
  ],
  "materials": [
    {
      "doubleSided": true,
      "name": "Material_0",
      "pbrMetallicRoughness": {
        "baseColorTexture": {
          "index": 0
        },
        "metallicFactor": 0.0
      }
    }
  ],
  "meshes": [
    {
      "name": "mainMeshNode_Material_0_0",
      "primitives": [
        {
          "attributes": {
            "NORMAL": 1,
            "POSITION": 0,
            "TEXCOORD_0": 2,
            "TEXCOORD_1": 3
          },
          "indices": 4,
          "material": 0,
          "mode": 4
        }
      ]
    }
  ],
  "nodes": [
    {
      "children": [
        1
      ],
      "matrix": [
        -0.31783995032310486,
        -0.045834194868802816,
        -0.9470359086990356,
        0.0,
        0.9480050206184387,
        0.0017618210986257306,
        -0.31825047731399536,
        0.0,
        0.01625526137650013,
        -0.9989475011825562,
        0.04289107024669625,
        0.0,
        -9.208029747009277,
        61.17473602294922,
        -7.576993465423571,
        1.0
      ],
      "name": "Sketchfab_model"
    },
    {
      "children": [
        2
      ],
      "matrix": [
        1.0,
        0.0,
        0.0,
        0.0,
        0.0,
        -1.0,
        0.0,
        0.0,
        0.0,
        0.0,
        -1.0,
        0.0,
        0.0,
        0.0,
        0.0,
        1.0
      ],
      "name": "87891d9a9d4848dbb918fa25de26fd54.fbx"
    },
    {
      "children": [
        3,
        5,
        7,
        9,
        11,
        13,
        15,
        17,
        19,
        21,
        23,
        25,
        27,
        29,
        31,
        33,
        35,
        37,
        39,
        41,
        43,
        45,
        47,
        49,
        51,
        53,
        55,
        57,
        59,
        61,
        63,
        65,
        67,
        69,
        71,
        73,
        75,
        77,
        79,
        81,
        83,
        85,
        87,
        89,
        91,
        93,
        95,
        97,
        99,
        101,
        103,
        105,
        107,
        109,
        111,
        113,
        115,
        117,
        119,
        121,
        123,
        125,
        127,
        129,
        131,
        133,
        135,
        137,
        139,
        141,
        143,
        145,
        147,
        149,
        151,
        153,
        155,
        157,
        159,
        161,
        163,
        165,
        167,
        169,
        171,
        173,
        175,
        177,
        179,
        181,
        183,
        185,
        187,
        189,
        191,
        193,
        195,
        197,
        199,
        201,
        203,
        205,
        207,
        209,
        211,
        213,
        215,
        217,
        219,
        221,
        223,
        225,
        227,
        229,
        231,
        233,
        235,
        237,
        239,
        241,
        243,
        245,
        247,
        249,
        251,
        253,
        255,
        257,
        259,
        261,
        263,
        265,
        267,
        269,
        271,
        273,
        275,
        277,
        279,
        281,
        283,
        285,
        287,
        289,
        291,
        293,
        295,
        297,
        299,
        301
      ],
      "name": "RootNode"
    },
    {
      "children": [
        4
      ],
      "matrix": [
        -0.0023166458980474758,
        -0.47979309819773314,
        -0.8773786047503116,
        0.0,
        0.6061652917215876,
        0.6971401761652629,
        -0.3828305289398285,
        0.0,
        0.7953353206439819,
        -0.532723340673268,
        0.28921889640555576,
        0.0,
        7.059639930725098,
        -22.06092643737793,
        0.0,
        1.0
      ],
      "name": "DJI_0804_jpg"
    },
    {
      "name": "Object_4"
    },
    {
      "children": [
        6
      ],
      "matrix": [
        -0.012452967174813256,
        -0.00556849142310184,
        -0.9999069534270746,
        0.0,
        0.8041507286869145,
        -0.5943876265687495,
        -0.0067048440901589235,
        0.0,
        -0.5942949849702988,
        -0.8041594004208616,
        0.011879796038349877,
        0.0,
        25.60593605041504,
        -3.664093255996704,
        0.0,
        1.0
      ],
      "name": "DJI_0734_jpg"
    },
    {
      "name": "Object_6"
    },
    {
      "children": [
        8
      ],
      "matrix": [
        0.0016277147570670225,
        -0.482135788685485,
        -0.8760949901770329,
        0.0,
        -0.31356458026990186,
        0.8316656859916697,
        -0.45826787007618786,
        0.0,
        0.9495654819678473,
        0.2754582872462378,
        -0.14982699170222724,
        0.0,
        42.5730094909668,
        -28.74123191833496,
        0.0,
        1.0
      ],
      "name": "DJI_0803_jpg"
    },
    {
      "name": "Object_8"
    },
    {
      "children": [
        10
      ],
      "matrix": [
        -0.012913724003040583,
        -0.007117706923368716,
        -0.9998912810803615,
        0.0,
        0.8013311621751924,
        -0.5981899925123335,
        -0.006091090628963736,
        0.0,
        -0.5980816033446683,
        -0.8013227009802278,
        0.013428500825610534,
        0.0,
        25.92205238342285,
        4.729285717010498,
        0.0,
        1.0
      ],
      "name": "DJI_0736_jpg"
    },
    {
      "name": "Object_10"
    },
    {
      "children": [
        12
      ],
      "matrix": [
        -0.0027026529694182955,
        -0.4813944229536095,
        -0.8764999174079188,
        0.0,
        -0.7941151960812649,
        0.5337397714260259,
        -0.29069384539564613,
        0.0,
        0.6077612615326361,
        0.6952562591931517,
        -0.3837251399543742,
        0.0,
        44.071414947509766,
        -31.562454223632813,
        0.0,
        1.0
      ],
      "name": "DJI_0801_jpg"
    },
    {
      "name": "Object_12"
    },
    {
      "children": [
        14
      ],
      "matrix": [
        -0.013376033670293719,
        -0.007423181737851503,
        -0.9998829822014865,
        0.0,
        0.7991604264459505,
        -0.6010855349731306,
        -0.006228358434800296,
        0.0,
        -0.6009689630305195,
        -0.7991502211843232,
        0.013972453437734011,
        0.0,
        26.012712478637695,
        9.588421821594238,
        0.0,
        1.0
      ],
      "name": "DJI_0737_jpg"
    },
    {
      "name": "Object_14"
    },
    {
      "children": [
        16
      ],
      "matrix": [
        0.0005123717856911902,
        -0.6281655933154838,
        -0.7780795106219924,
        0.0,
        0.6087884204818529,
        0.6174718377196116,
        -0.4981015847298383,
        0.0,
        0.7933324628189393,
        -0.4734305830824323,
        0.3827363145036857,
        0.0,
        16.043052673339844,
        -28.054649353027344,
        0.0,
        1.0
      ],
      "name": "DJI_0810_jpg"
    },
    {
      "name": "Object_16"
    },
    {
      "children": [
        18
      ],
      "matrix": [
        -0.012323110812803906,
        -0.006415337519125208,
        -0.9999034875348777,
        0.0,
        0.8031918949151076,
        -0.5956893919708235,
        -0.006076860711736909,
        0.0,
        -0.5955929154066345,
        -0.8031892627133077,
        0.01249349348577411,
        0.0,
        25.704166412353516,
        0.4730435907840729,
        0.0,
        1.0
      ],
      "name": "DJI_0735_jpg"
    },
    {
      "name": "Object_18"
    },
    {
      "children": [
        20
      ],
      "matrix": [
        0.00024699695938523725,
        -0.6311917819633911,
        -0.7756267616414361,
        0.0,
        0.613514121032913,
        0.6125955046555678,
        -0.4983243632103515,
        0.0,
        0.7896837102826133,
        -0.4757348863155498,
        0.387396380541451,
        0.0,
        15.75924015045166,
        -27.590421676635742,
        0.0,
        1.0
      ],
      "name": "DJI_0807_jpg"
    },
    {
      "name": "Object_20"
    },
    {
      "children": [
        22
      ],
      "matrix": [
        -0.013002183074013907,
        -0.007608528242168067,
        -0.9998865203278311,
        0.0,
        0.796257305617599,
        -0.6049307630330407,
        -0.005751103099862209,
        0.0,
        -0.6048183582580076,
        -0.7962417234949772,
        0.013923766725882358,
        0.0,
        25.91875457763672,
        14.682710647583008,
        0.0,
        1.0
      ],
      "name": "DJI_0738_jpg"
    },
    {
      "name": "Object_22"
    },
    {
      "children": [
        24
      ],
      "matrix": [
        -4.753031614179726e-05,
        -0.6294516542914134,
        -0.7770396467688585,
        0.0,
        0.6073302213189652,
        0.6173005861924559,
        -0.5000899804626235,
        0.0,
        0.7944494949419543,
        -0.47194343008061196,
        0.3822556720183765,
        0.0,
        16.155887603759766,
        -28.324663162231445,
        0.0,
        1.0
      ],
      "name": "DJI_0811_jpg"
    },
    {
      "name": "Object_24"
    },
    {
      "children": [
        26
      ],
      "matrix": [
        -0.013747652166654412,
        -0.005792934666346894,
        -0.9998887157918407,
        0.0,
        0.8047779821831514,
        -0.5935269475881455,
        -0.007626393637518547,
        0.0,
        -0.5934167182116797,
        -0.8047932681096746,
        0.012821628298679277,
        0.0,
        25.5260009765625,
        -7.051750659942627,
        0.0,
        1.0
      ],
      "name": "DJI_0733_jpg"
    },
    {
      "name": "Object_26"
    },
    {
      "children": [
        28
      ],
      "matrix": [
        -0.0015527497241039079,
        -0.48289553850483974,
        -0.8756765886218583,
        0.0,
        0.9829735118428942,
        -0.16163491388206852,
        0.08739124458196007,
        0.0,
        -0.18374075210345137,
        -0.8606311948253196,
        0.4749245019053038,
        0.0,
        13.082846641540527,
        -20.190570831298828,
        0.0,
        1.0
      ],
      "name": "DJI_0820_jpg"
    },
    {
      "name": "Object_28"
    },
    {
      "children": [
        30
      ],
      "matrix": [
        -0.012824442120808577,
        -0.003806184822057024,
        -0.999910519317299,
        0.0,
        0.8615928571144669,
        -0.5075180789930882,
        -0.009118556053204385,
        0.0,
        -0.5074379590192479,
        -0.8616327015917316,
        0.009788017884852507,
        0.0,
        25.269317626953125,
        -12.775010108947754,
        0.0,
        1.0
      ],
      "name": "DJI_0732_jpg"
    },
    {
      "name": "Object_30"
    },
    {
      "children": [
        32
      ],
      "matrix": [
        0.0035572249634523434,
        -0.6403485267602461,
        -0.7680762399830774,
        0.0,
        0.9790731330318182,
        0.15851853483748568,
        -0.12762317300645848,
        0.0,
        0.20347763102075622,
        -0.7515488263505967,
        0.627511924416757,
        0.0,
        15.88980484008789,
        -27.51042366027832,
        0.0,
        1.0
      ],
      "name": "DJI_0818_jpg"
    },
    {
      "name": "Object_32"
    },
    {
      "children": [
        34
      ],
      "matrix": [
        -0.013090995509212,
        -0.008024196475794332,
        -0.9998821121049699,
        0.0,
        0.7931365637450444,
        -0.609019028819763,
        -0.005496706844630439,
        0.0,
        -0.6089031261927309,
        -0.7931150199096916,
        0.014336948990930853,
        0.0,
        25.848825454711914,
        18.704294204711914,
        0.0,
        1.0
      ],
      "name": "DJI_0739_jpg"
    },
    {
      "name": "Object_34"
    },
    {
      "children": [
        36
      ],
      "matrix": [
        -0.0018475990362640804,
        -0.48586149677745394,
        -0.8740338622313059,
        0.0,
        0.7918390657149506,
        -0.5345087275755693,
        0.29545103511956106,
        0.0,
        -0.6107270097068537,
        -0.691548281824717,
        0.3857116714850699,
        0.0,
        11.679242134094238,
        -18.278650283813477,
        0.0,
        1.0
      ],
      "name": "DJI_0823_jpg"
    },
    {
      "name": "Object_36"
    },
    {
      "children": [
        38
      ],
      "matrix": [
        -0.011975016100300051,
        -0.006980484922773866,
        -0.9999039312952221,
        0.0,
        0.7896954747493885,
        -0.6134772034694813,
        -0.005174744786203056,
        0.0,
        -0.613382145281174,
        -0.7896815773800903,
        0.012858856743785063,
        0.0,
        25.783193588256836,
        23.41204071044922,
        0.0,
        1.0
      ],
      "name": "DJI_0740_jpg"
    },
    {
      "name": "Object_38"
    },
    {
      "children": [
        40
      ],
      "matrix": [
        4.9024084129434264e-05,
        -0.6418893177604511,
        -0.7667973013395792,
        0.0,
        0.9995638719352701,
        -0.022612623374523855,
        0.018993029929232796,
        0.0,
        -0.02953072160327236,
        -0.7664638106324031,
        0.641608263251375,
        0.0,
        15.463470458984375,
        -27.00295066833496,
        0.0,
        1.0
      ],
      "name": "DJI_0819_jpg"
    },
    {
      "name": "Object_40"
    },
    {
      "children": [
        42
      ],
      "matrix": [
        -0.012153664871941361,
        -0.008285284961785544,
        -0.9998918153896863,
        0.0,
        0.7880204567470472,
        -0.6156327761529468,
        -0.004477127917634494,
        0.0,
        -0.6155290798803543,
        -0.7879896185733146,
        0.014011168485411396,
        0.0,
        25.797395706176758,
        30.338380813598633,
        0.0,
        1.0
      ],
      "name": "DJI_0742_jpg"
    },
    {
      "name": "Object_42"
    },
    {
      "children": [
        44
      ],
      "matrix": [
        -0.0022229323038216453,
        -0.48506375714764244,
        -0.8744759631195048,
        0.0,
        0.8909281149046662,
        -0.3980961864496557,
        0.21855553163134278,
        0.0,
        -0.4541389133782642,
        -0.7786093872000606,
        0.43304187963701113,
        0.0,
        11.648906707763672,
        -17.987773895263672,
        0.0,
        1.0
      ],
      "name": "DJI_0821_jpg"
    },
    {
      "name": "Object_44"
    },
    {
      "children": [
        46
      ],
      "matrix": [
        -0.011871847807709779,
        -0.0072462545302792725,
        -0.9999032708341907,
        0.0,
        0.7888153475235665,
        -0.6146106281453121,
        -0.004911545795357297,
        0.0,
        -0.6145155870609839,
        -0.7887973551972061,
        0.013012520623888468,
        0.0,
        25.73116683959961,
        26.76034927368164,
        0.0,
        1.0
      ],
      "name": "DJI_0741_jpg"
    },
    {
      "name": "Object_46"
    },
    {
      "children": [
        48
      ],
      "matrix": [
        -0.0027826120548091193,
        -0.48445530699514283,
        -0.8748115869113728,
        0.0,
        0.8896039981087703,
        -0.40074994610760206,
        0.21909862446771589,
        0.0,
        -0.45672418768775924,
        -0.7776262188345993,
        0.4320885096388939,
        0.0,
        11.667007446289063,
        -18.156408309936523,
        0.0,
        1.0
      ],
      "name": "DJI_0822_jpg"
    },
    {
      "name": "Object_48"
    },
    {
      "children": [
        50
      ],
      "matrix": [
        -0.009993566058837278,
        -0.005251064527765137,
        -0.9999362754489673,
        0.0,
        0.7839491947900084,
        -0.6208081272528041,
        -0.004574836058714671,
        0.0,
        -0.6207445437742689,
        -0.7839449569058989,
        0.010320654837895793,
        0.0,
        25.45058250427246,
        28.662918090820313,
        0.0,
        1.0
      ],
      "name": "DJI_0748_jpg"
    },
    {
      "name": "Object_50"
    },
    {
      "children": [
        52
      ],
      "matrix": [
        -0.002635539477023885,
        -0.4849160016153586,
        -0.874556759341004,
        0.0,
        0.5123659588853828,
        -0.75169716579554,
        0.4152499188566023,
        0.0,
        -0.8587631676470104,
        -0.44699870504546896,
        0.25043557970174013,
        0.0,
        12.379402160644531,
        -19.735260009765625,
        0.0,
        1.0
      ],
      "name": "DJI_0825_jpg"
    },
    {
      "name": "Object_52"
    },
    {
      "children": [
        54
      ],
      "matrix": [
        -0.007152913911320891,
        -0.0055393911849205835,
        -0.9999590746464967,
        0.0,
        0.7833430712499125,
        -0.6215858483236583,
        -0.002160066784301473,
        0.0,
        -0.621548444248179,
        -0.783326463429558,
        0.008785393765204708,
        0.0,
        25.178470611572266,
        27.608245849609375,
        0.0,
        1.0
      ],
      "name": "DJI_0749_jpg"
    },
    {
      "name": "Object_54"
    },
    {
      "children": [
        56
      ],
      "matrix": [
        -0.0029016931358787357,
        -0.4859298999560601,
        -0.8739929705127144,
        0.0,
        0.3732622463967577,
        -0.8113550639637246,
        0.4498647081015208,
        0.0,
        -0.9277213350957233,
        -0.32492321017297876,
        0.18373358946881468,
        0.0,
        12.752196311950684,
        -20.25564193725586,
        0.0,
        1.0
      ],
      "name": "DJI_0826_jpg"
    },
    {
      "name": "Object_56"
    },
    {
      "children": [
        58
      ],
      "matrix": [
        -0.007285491701623181,
        -0.005499074012209171,
        -0.9999583400300605,
        0.0,
        0.7813985387757125,
        -0.6240282122764302,
        -0.002261389454312923,
        0.0,
        -0.6239897797318856,
        -0.7813824610701798,
        0.00884332075987837,
        0.0,
        25.29094696044922,
        27.3653507232666,
        0.0,
        1.0
      ],
      "name": "DJI_0750_jpg"
    },
    {
      "name": "Object_58"
    },
    {
      "children": [
        60
      ],
      "matrix": [
        -0.003788906462406594,
        -0.485287830836052,
        -0.8743462503094862,
        0.0,
        0.670393223769834,
        -0.6500037084814316,
        0.3578660426526603,
        0.0,
        -0.7419963407667914,
        -0.58479988047436,
        0.3277964766221042,
        0.0,
        11.905058860778809,
        -18.918710708618164,
        0.0,
        1.0
      ],
      "name": "DJI_0824_jpg"
    },
    {
      "name": "Object_60"
    },
    {
      "children": [
        62
      ],
      "matrix": [
        -0.008564358360344304,
        -0.005784280618000681,
        -0.999946595505784,
        0.0,
        0.7769417122321411,
        -0.6295653263337133,
        -0.0030125856193894407,
        0.0,
        -0.6295142790752761,
        -0.7769260209157998,
        0.009885871953349556,
        0.0,
        25.248233795166016,
        27.493993759155273,
        0.0,
        1.0
      ],
      "name": "DJI_0751_jpg"
    },
    {
      "name": "Object_62"
    },
    {
      "children": [
        64
      ],
      "matrix": [
        -0.0025092369164423367,
        -0.48288632520278574,
        -0.8756794508621557,
        0.0,
        -0.15857921099244954,
        -0.8644093331141973,
        0.4771259148967709,
        0.0,
        -0.9873430698450814,
        0.1400617783594724,
        -0.07440672464013387,
        0.0,
        14.115012168884277,
        -22.90829086303711,
        0.0,
        1.0
      ],
      "name": "DJI_0829_jpg"
    },
    {
      "name": "Object_64"
    },
    {
      "children": [
        66
      ],
      "matrix": [
        -0.004735878405156768,
        -0.6843355312043294,
        -0.7291518718257672,
        0.0,
        0.5973042377188807,
        0.5828576068736249,
        -0.5509125681200401,
        0.0,
        0.8020007600113597,
        -0.438134557916674,
        0.4059961700562731,
        0.0,
        52.80946731567383,
        -22.046110153198242,
        0.0,
        1.0
      ],
      "name": "DJI_0764_jpg"
    },
    {
      "name": "Object_66"
    },
    {
      "children": [
        68
      ],
      "matrix": [
        -0.0020344021242488797,
        -0.48302464935065476,
        -0.8756043908796218,
        0.0,
        -0.26772591454864775,
        -0.8433790770900675,
        0.465869688867816,
        0.0,
        -0.9634929661845419,
        0.23536975261571433,
        -0.12760244381096464,
        0.0,
        14.0385160446167,
        -23.383071899414063,
        0.0,
        1.0
      ],
      "name": "DJI_0830_jpg"
    },
    {
      "name": "Object_68"
    },
    {
      "children": [
        70
      ],
      "matrix": [
        -0.005620084931935887,
        -0.6855656929810878,
        -0.7279890763278791,
        0.0,
        0.5941926727271305,
        0.5832529084809682,
        -0.5538511645071089,
        0.0,
        0.8043031035143076,
        -0.43567846556359907,
        0.40408018055999817,
        0.0,
        52.91182327270508,
        -22.119861602783203,
        0.0,
        1.0
      ],
      "name": "DJI_0765_jpg"
    },
    {
      "name": "Object_70"
    },
    {
      "children": [
        72
      ],
      "matrix": [
        -0.007023016693730844,
        -0.4837463655956519,
        -0.8751800563367047,
        0.0,
        -0.4240862064811408,
        -0.7911565758643828,
        0.44070643510048835,
        0.0,
        -0.9055945929106219,
        0.3742468787305294,
        -0.19959385524484885,
        0.0,
        14.159595489501953,
        -24.00058937072754,
        0.0,
        1.0
      ],
      "name": "DJI_0831_jpg"
    },
    {
      "name": "Object_72"
    },
    {
      "children": [
        74
      ],
      "matrix": [
        -0.006330299515125981,
        -0.6858036445890615,
        -0.7277590867700717,
        0.0,
        0.616106891297585,
        0.5705582007086473,
        -0.543024528082974,
        0.0,
        0.7876371155574592,
        -0.45181489647030354,
        0.41891654720702354,
        0.0,
        52.812965393066406,
        -22.014259338378906,
        0.0,
        1.0
      ],
      "name": "DJI_0768_jpg"
    },
    {
      "name": "Object_74"
    },
    {
      "children": [
        76
      ],
      "matrix": [
        -0.0098354780174148,
        -0.4840602473847431,
        -0.8749793941996523,
        0.0,
        -0.5718651902141989,
        -0.7150822102282803,
        0.40202939797521753,
        0.0,
        -0.8202886489483122,
        0.5043244090036283,
        -0.2697840300864638,
        0.0,
        14.693510055541992,
        -24.15840721130371,
        0.0,
        1.0
      ],
      "name": "DJI_0833_jpg"
    },
    {
      "name": "Object_76"
    },
    {
      "children": [
        78
      ],
      "matrix": [
        -0.0075258946449514585,
        -0.6860596335858204,
        -0.7275063849024853,
        0.0,
        0.6819967338048141,
        0.5285460618535802,
        -0.5054893822610292,
        0.0,
        0.7313164950890679,
        -0.499961238160681,
        0.463912647324343,
        0.0,
        52.1949462890625,
        -21.457395553588867,
        0.0,
        1.0
      ],
      "name": "DJI_0769_jpg"
    },
    {
      "name": "Object_78"
    },
    {
      "children": [
        80
      ],
      "matrix": [
        -0.0054517677274827925,
        -0.4835743752360441,
        -0.8752862970729722,
        0.0,
        -0.43820753747366104,
        -0.7856255594126975,
        0.4367683991530938,
        0.0,
        -0.8988572925275267,
        0.38593821268767364,
        -0.20762288808685936,
        0.0,
        14.052663803100586,
        -23.524450302124023,
        0.0,
        1.0
      ],
      "name": "DJI_0832_jpg"
    },
    {
      "name": "Object_80"
    },
    {
      "children": [
        82
      ],
      "matrix": [
        -0.008043805109673396,
        -0.6852508042373717,
        -0.7282627496250187,
        0.0,
        0.9113931174639411,
        0.29464515236708344,
        -0.2873096232741551,
        0.0,
        0.4114582392402859,
        -0.6660447203293585,
        0.6221627985364203,
        0.0,
        48.72627639770508,
        -18.224031448364258,
        0.0,
        1.0
      ],
      "name": "DJI_0771_jpg"
    },
    {
      "name": "Object_82"
    },
    {
      "children": [
        84
      ],
      "matrix": [
        -0.0031283192255198156,
        -0.48488069246504367,
        -0.8745747124708347,
        0.0,
        0.08713520857636597,
        -0.871384666585111,
        0.4828003917424969,
        0.0,
        -0.9961915825006638,
        -0.0746958962391849,
        0.04497614967789565,
        0.0,
        13.770755767822266,
        -22.09406280517578,
        0.0,
        1.0
      ],
      "name": "DJI_0827_jpg"
    },
    {
      "name": "Object_84"
    },
    {
      "children": [
        86
      ],
      "matrix": [
        -0.005724513680726684,
        -0.685776865235037,
        -0.7277893383744535,
        0.0,
        0.5921728506956786,
        0.5841402581625281,
        -0.5550778987608572,
        0.0,
        0.8057906333794608,
        -0.4341546382364477,
        0.4027545223280635,
        0.0,
        52.90814971923828,
        -22.245548248291016,
        0.0,
        1.0
      ],
      "name": "DJI_0766_jpg"
    },
    {
      "name": "Object_86"
    },
    {
      "children": [
        88
      ],
      "matrix": [
        -0.002584862096320917,
        -0.4831114135648996,
        -0.8755550699820472,
        0.0,
        -0.035378992252732444,
        -0.8749656828393002,
        0.4828906509353217,
        0.0,
        -0.9993706246408908,
        0.032224461778005864,
        -0.014830329328566538,
        0.0,
        13.974803924560547,
        -22.38860321044922,
        0.0,
        1.0
      ],
      "name": "DJI_0828_jpg"
    },
    {
      "name": "Object_88"
    },
    {
      "children": [
        90
      ],
      "matrix": [
        -0.005411374850115447,
        -0.6853114651761627,
        -0.7282299861447159,
        0.0,
        0.5909676791337208,
        0.5852719906589923,
        -0.5551701533488306,
        0.0,
        0.8066770848620501,
        -0.4333646185928909,
        0.4018297999281576,
        0.0,
        52.936622619628906,
        -22.313695907592773,
        0.0,
        1.0
      ],
      "name": "DJI_0767_jpg"
    },
    {
      "name": "Object_90"
    },
    {
      "children": [
        92
      ],
      "matrix": [
        -0.009534947676123284,
        -0.48544139597407,
        -0.8742172131956449,
        0.0,
        -0.5990602753696093,
        -0.6972300705278645,
        0.39369660301531295,
        0.0,
        -0.8006471577710754,
        0.5274626809798539,
        -0.2841606041073308,
        0.0,
        13.173110008239746,
        -21.470369338989258,
        0.0,
        1.0
      ],
      "name": "DJI_0837_jpg"
    },
    {
      "name": "Object_92"
    },
    {
      "children": [
        94
      ],
      "matrix": [
        -0.008264202445452895,
        -0.6847757281206689,
        -0.7287070091159742,
        0.0,
        0.9858902818460255,
        0.11626022747613363,
        -0.12043218701311703,
        0.0,
        0.16718868119434793,
        -0.7194204345749469,
        0.6741529375419862,
        0.0,
        45.846561431884766,
        -15.358718872070313,
        0.0,
        1.0
      ],
      "name": "DJI_0773_jpg"
    },
    {
      "name": "Object_94"
    },
    {
      "children": [
        96
      ],
      "matrix": [
        -0.010363543824392085,
        -0.4856611329354792,
        -0.8740857285845747,
        0.0,
        -0.6011005387656985,
        -0.6955365974729331,
        0.393582245371107,
        0.0,
        -0.7991062127495863,
        0.5294923092280021,
        -0.2847229446556967,
        0.0,
        12.714791297912598,
        -20.904069900512695,
        0.0,
        1.0
      ],
      "name": "DJI_0838_jpg"
    },
    {
      "name": "Object_96"
    },
    {
      "children": [
        98
      ],
      "matrix": [
        -0.009019602779562819,
        -0.6852085089008038,
        -0.7282911135635501,
        0.0,
        0.9972543831723564,
        -0.05969804913353638,
        0.043815957973926456,
        0.0,
        -0.07350062591040918,
        -0.725896302690396,
        0.6838656415782205,
        0.0,
        43.52589797973633,
        -12.814358711242676,
        0.0,
        1.0
      ],
      "name": "DJI_0774_jpg"
    },
    {
      "name": "Object_98"
    },
    {
      "children": [
        100
      ],
      "matrix": [
        -0.010856038954182523,
        -0.48387086271877805,
        -0.8750720739630597,
        0.0,
        -0.6176538171059223,
        -0.6849711909232801,
        0.3864171707101375,
        0.0,
        -0.7863751704070452,
        0.544686566583874,
        -0.291428611413433,
        0.0,
        14.630281448364258,
        -23.90705680847168,
        0.0,
        1.0
      ],
      "name": "DJI_0834_jpg"
    },
    {
      "name": "Object_100"
    },
    {
      "children": [
        102
      ],
      "matrix": [
        -0.008798666994642712,
        -0.6852102477867129,
        -0.728292180232075,
        0.0,
        0.8261324339982837,
        0.40537581296574865,
        -0.39137661115405176,
        0.0,
        0.5634072993449668,
        -0.605109383988077,
        0.5625076430186359,
        0.0,
        50.475215911865234,
        -19.782663345336914,
        0.0,
        1.0
      ],
      "name": "DJI_0770_jpg"
    },
    {
      "name": "Object_102"
    },
    {
      "children": [
        104
      ],
      "matrix": [
        -0.009787056815802941,
        -0.4849766338153738,
        -0.8744723427141612,
        0.0,
        -0.62238735217821,
        -0.6815153229346058,
        0.3849296668924561,
        0.0,
        -0.7826481951473991,
        0.5480278544549074,
        -0.29517329380225066,
        0.0,
        14.194287300109863,
        -23.152299880981445,
        0.0,
        1.0
      ],
      "name": "DJI_0835_jpg"
    },
    {
      "name": "Object_104"
    },
    {
      "children": [
        106
      ],
      "matrix": [
        -0.008749138591967354,
        -0.6837450905763638,
        -0.7296684888952096,
        0.0,
        0.8083529359016475,
        -0.43437602361380057,
        0.3973449397295126,
        0.0,
        -0.5886331485680072,
        -0.5863532392868509,
        0.5565077674073664,
        0.0,
        39.502803802490234,
        -9.373570442199707,
        0.0,
        1.0
      ],
      "name": "DJI_0777_jpg"
    },
    {
      "name": "Object_106"
    },
    {
      "children": [
        108
      ],
      "matrix": [
        -0.009512188712546,
        -0.48569692083532157,
        -0.874075522684959,
        0.0,
        -0.5966170274759782,
        -0.6987259610534537,
        0.39475328228610795,
        0.0,
        -0.8024697133173468,
        0.5252433078498145,
        -0.28312863996310966,
        0.0,
        13.47944164276123,
        -21.948917388916016,
        0.0,
        1.0
      ],
      "name": "DJI_0836_jpg"
    },
    {
      "name": "Object_108"
    },
    {
      "children": [
        110
      ],
      "matrix": [
        -0.008854800278002894,
        -0.6840285596271918,
        -0.7294014821251641,
        0.0,
        0.9392635864946242,
        -0.2559539122427217,
        0.22862963476527012,
        0.0,
        -0.3430823627021541,
        -0.6830757823418968,
        0.6447495389534709,
        0.0,
        41.04903030395508,
        -10.574705123901367,
        0.0,
        1.0
      ],
      "name": "DJI_0775_jpg"
    },
    {
      "name": "Object_110"
    },
    {
      "children": [
        112
      ],
      "matrix": [
        -0.01915213056527154,
        -0.4838543260055631,
        -0.8749389619284953,
        0.0,
        -0.9905646374220795,
        -0.10959131603766314,
        0.08228877528555961,
        0.0,
        -0.13570149219398825,
        0.8682596009574759,
        -0.4771900778112319,
        0.0,
        20.967134475708008,
        -34.97780227661133,
        0.0,
        1.0
      ],
      "name": "DJI_0842_jpg"
    },
    {
      "name": "Object_112"
    },
    {
      "children": [
        114
      ],
      "matrix": [
        -0.00842742939132024,
        -0.6850650002977474,
        -0.7284331978986828,
        0.0,
        0.9616524580739492,
        0.19415557033190256,
        -0.19372187380217287,
        0.0,
        0.2741414385206761,
        -0.7021321527149579,
        0.657158209116856,
        0.0,
        47.071449279785156,
        -16.67185401916504,
        0.0,
        1.0
      ],
      "name": "DJI_0772_jpg"
    },
    {
      "name": "Object_114"
    },
    {
      "children": [
        116
      ],
      "matrix": [
        -0.011375904239512513,
        -0.48614076344576146,
        -0.8738064699457803,
        0.0,
        -0.602225809054923,
        -0.6942707803192305,
        0.39409663599562816,
        0.0,
        -0.79824473923157,
        0.5307120139127239,
        -0.28486855666749844,
        0.0,
        12.312376022338867,
        -20.31708526611328,
        0.0,
        1.0
      ],
      "name": "DJI_0839_jpg"
    },
    {
      "name": "Object_116"
    },
    {
      "children": [
        118
      ],
      "matrix": [
        -0.007488116803098688,
        -0.6833170407382315,
        -0.7300833856098145,
        0.0,
        0.7271691277168529,
        -0.5048910727161382,
        0.4650914580886842,
        0.0,
        -0.6864175025465583,
        -0.527411439512164,
        0.5006677397930215,
        0.0,
        39.00757598876953,
        -8.618045806884766,
        0.0,
        1.0
      ],
      "name": "DJI_0778_jpg"
    },
    {
      "name": "Object_118"
    },
    {
      "children": [
        120
      ],
      "matrix": [
        -0.017639782405439064,
        -0.4840948485770376,
        -0.8748377081824168,
        0.0,
        -0.9989556874117966,
        0.045416358502494814,
        -0.004988884444216968,
        0.0,
        0.042147036245905045,
        0.8738361013150852,
        -0.48439043691441563,
        0.0,
        22.050437927246094,
        -36.15685272216797,
        0.0,
        1.0
      ],
      "name": "DJI_0843_jpg"
    },
    {
      "name": "Object_120"
    },
    {
      "children": [
        122
      ],
      "matrix": [
        -0.011685133699538719,
        -0.6848996014009191,
        -0.7285437486186305,
        0.0,
        0.26721501913096257,
        -0.7042347622093581,
        0.6577610000956035,
        0.0,
        -0.9635660803501042,
        -0.18699180649641114,
        0.1912445374434144,
        0.0,
        38.452919006347656,
        -8.026533126831055,
        0.0,
        1.0
      ],
      "name": "DJI_0780_jpg"
    },
    {
      "name": "Object_122"
    },
    {
      "children": [
        124
      ],
      "matrix": [
        -0.01841857571007144,
        -0.4824459990179008,
        -0.8757320446920006,
        0.0,
        -0.8125925026664627,
        0.5175461898246844,
        -0.26802866639262024,
        0.0,
        0.5825411407609485,
        0.7066765875770694,
        -0.40156446542412283,
        0.0,
        23.73381805419922,
        -37.21038055419922,
        0.0,
        1.0
      ],
      "name": "DJI_0845_jpg"
    },
    {
      "name": "Object_124"
    },
    {
      "children": [
        126
      ],
      "matrix": [
        -0.010938219343318734,
        -0.6836448943443787,
        -0.7297328372729713,
        0.0,
        0.1315327580216865,
        -0.7244190082401656,
        0.6766950820477003,
        0.0,
        -0.9912514761274286,
        -0.0885819334695217,
        0.09784555246916071,
        0.0,
        41.47872543334961,
        -12.506338119506836,
        0.0,
        1.0
      ],
      "name": "DJI_0781_jpg"
    },
    {
      "name": "Object_126"
    },
    {
      "children": [
        128
      ],
      "matrix": [
        -0.015959019315382683,
        -0.4854853340963906,
        -0.8740991362996575,
        0.0,
        -0.6801959490086414,
        -0.6354810930433823,
        0.3653727566973514,
        0.0,
        -0.7328565894189156,
        0.600389682424427,
        -0.3200835025170321,
        0.0,
        13.486108779907227,
        -22.529541015625,
        0.0,
        1.0
      ],
      "name": "DJI_0840_jpg"
    },
    {
      "name": "Object_128"
    },
    {
      "children": [
        130
      ],
      "matrix": [
        -0.00919993788573592,
        -0.6837248713676118,
        -0.7296818905634437,
        0.0,
        -0.045471698220803325,
        -0.7286718619141825,
        0.6833517705511818,
        0.0,
        -0.9989232632208618,
        0.03946666856806458,
        -0.024386395148191742,
        0.0,
        40.58599090576172,
        -11.484694480895996,
        0.0,
        1.0
      ],
      "name": "DJI_0782_jpg"
    },
    {
      "name": "Object_130"
    },
    {
      "children": [
        132
      ],
      "matrix": [
        -0.014473984472120893,
        -0.4856531359085945,
        -0.8740317702209965,
        0.0,
        -0.8098498223722983,
        -0.5069970150260836,
        0.2951225033070133,
        0.0,
        -0.5864586677482546,
